<?xml version="1.0"?>
<opencv_storage>
<Intrinsics_Camera_Right type_id="opencv-matrix">
  <rows>3</rows>
  <cols>3</cols>
  <dt>d</dt>
  <data>
    4.0851790000000000e+02 -2.6919999999999999e-01
    3.3308530000000002e+02 0. 4.0877820000000003e+02
    2.3019399999999999e+02 0. 0. 1.</data></Intrinsics_Camera_Right>
</opencv_storage>
