<?xml version="1.0"?>
<opencv_storage>
<Intrinsics_Camera_Left type_id="opencv-matrix">
  <rows>3</rows>
  <cols>3</cols>
  <dt>d</dt>
  <data>
    4.1437279999999998e+02 4.7280000000000000e-01 3.2292680000000001e+02
    0. 4.1438580000000002e+02 2.3066700000000000e+02 0. 0. 1.</data></Intrinsics_Camera_Left>
</opencv_storage>
