<?xml version="1.0"?>
<opencv_storage>
<RotRodrigues type_id="opencv-matrix">
  <rows>3</rows>
  <cols>3</cols>
  <dt>d</dt>
  <data>
    1. -4.0000000000000002e-04 -1.1500000000000000e-02
    4.0000000000000002e-04 1. -1.0000000000000000e-03
    1.1500000000000000e-02 1.0000000000000000e-03 1.</data></RotRodrigues>
</opencv_storage>
