<?xml version="1.0"?>
<opencv_storage>
<Translation type_id="opencv-matrix">
  <rows>3</rows>
  <cols>1</cols>
  <dt>d</dt>
  <data>
    6.5878399999999999e+01 3.0199999999999999e-01 7.6949999999999996e-01</data></Translation>
</opencv_storage>
